{
 "cells": [
  {
   "cell_type": "code",
   "execution_count": 212,
   "metadata": {
    "collapsed": false,
    "deletable": true,
    "editable": true,
    "scrolled": true
   },
   "outputs": [
    {
     "name": "stdout",
     "output_type": "stream",
     "text": [
      "151.23 -22.99 108\n",
      "finding datasets for ls5_pq_albers in ('1986-01-01', '2017-01-01')\n",
      "finding datasets for ls7_pq_albers in ('1986-01-01', '2003-05-01')\n",
      "finding datasets for ls8_pq_albers in ('1986-01-01', '2017-01-01')\n",
      "tide post selected 151.23-22.99\n",
      "[['1986-08-21', 0.909], ['1987-09-25', 1.224], ['1987-10-11', 0.279], ['1987-11-12', -0.394], ['1987-11-28', -0.705], ['1987-12-14', -0.274], ['1987-12-30', 0.721], ['1988-01-15', 0.763], ['1988-01-31', 1.625], ['1988-02-16', 2.413], ['1988-03-19', 1.384], ['1988-04-20', -0.315], ['1988-05-06', -0.6], ['1988-05-22', -0.776], ['1988-06-07', -1.178], ['1988-06-23', -0.752], ['1988-07-09', -0.182], ['1988-07-25', -0.201], ['1988-08-10', 0.719], ['1988-08-26', 1.39], ['1988-09-11', 1.34], ['1988-09-27', 1.63], ['1988-10-13', 1.236], ['1988-10-29', 0.143], ['1988-11-14', -0.02], ['1988-11-30', -0.444], ['1989-01-01', -0.074], ['1989-01-17', 0.799], ['1989-02-18', 1.735], ['1989-03-06', 2.213], ['1989-03-22', 1.457], ['1989-06-10', -0.906], ['1989-06-26', -1.232], ['1989-07-28', -0.134], ['1989-08-13', 0.029], ['1989-08-29', 1.016], ['1989-09-14', 1.587], ['1989-09-30', 1.522], ['1989-10-16', 1.774], ['1989-11-17', -0.072], ['1989-12-03', -0.015], ['1989-12-19', -0.448], ['1990-02-21', 1.075], ['1990-03-09', 1.776], ['1990-05-12', 0.231], ['1990-05-28', -0.822], ['1990-06-13', -0.625], ['1990-06-29', -0.96], ['1990-07-15', -1.127], ['1990-07-31', -0.408], ['1990-08-16', -0.052], ['1990-09-01', 0.321], ['1990-09-17', 1.36], ['1990-10-03', 1.728], ['1990-11-04', 1.795], ['1990-11-20', 0.915], ['1990-12-06', -0.191], ['1990-12-22', -0.003], ['1991-01-07', -0.435], ['1991-01-23', -0.487], ['1991-02-24', 0.804], ['1991-03-12', 1.053], ['1991-03-28', 1.648], ['1991-04-13', 1.436], ['1991-04-29', 0.911], ['1991-05-15', 0.781], ['1991-05-31', 0.109], ['1991-07-02', -0.523], ['1991-07-18', -0.966], ['1991-08-03', -0.962], ['1991-08-19', -0.255], ['1991-09-04', -0.085], ['1991-09-20', 0.551], ['1991-10-06', 1.63], ['1991-10-22', 1.743], ['1991-11-07', 1.711], ['1991-11-23', 1.838], ['1991-12-25', -0.106], ['1992-01-10', 0.02], ['1992-01-26', -0.464], ['1992-02-11', -0.406], ['1992-02-27', 0.426], ['1992-03-30', 0.908], ['1992-04-15', 1.442], ['1992-05-01', 1.085], ['1992-05-17', 0.793], ['1992-06-02', 0.745], ['1992-06-18', 0.05], ['1992-07-04', -0.703], ['1992-07-20', -0.452], ['1992-08-05', -0.955], ['1992-08-21', -0.804], ['1992-09-06', -0.079], ['1992-09-22', -0.053], ['1992-10-08', 0.829], ['1992-10-24', 1.871], ['1992-11-09', 1.767], ['1992-11-25', 1.771], ['1992-12-11', 1.766], ['1992-12-27', 0.699], ['1993-01-12', -0.059], ['1993-01-28', -0.079], ['1993-03-01', -0.358], ['1993-03-17', 0.436], ['1993-04-02', 0.255], ['1993-04-18', 0.776], ['1993-05-04', 1.273], ['1993-05-20', 0.905], ['1993-06-05', 0.796], ['1993-06-21', 0.754], ['1993-07-07', 0.015], ['1993-07-23', -0.483], ['1993-08-08', -0.433], ['1993-08-24', -0.953], ['1993-09-09', -0.673], ['1993-09-25', 0.079], ['1993-10-27', 1.059], ['1993-11-12', 2.008], ['1993-11-28', 1.772], ['1993-12-14', 1.871], ['1993-12-30', 1.673], ['1994-01-15', 0.54], ['1994-01-31', 0.014], ['1994-03-20', -0.357], ['1994-04-05', 0.355], ['1994-04-21', 0.037], ['1994-05-07', 0.702], ['1994-05-23', 1.164], ['1994-06-08', 0.855], ['1994-06-24', 0.883], ['1994-07-10', 0.759], ['1994-07-26', -0.052], ['1994-08-11', -0.296], ['1994-08-27', -0.481], ['1994-09-12', -0.939], ['1994-09-28', -0.531], ['1994-10-14', 0.264], ['1994-10-30', 0.188], ['1994-11-15', 1.313], ['1994-12-01', 2.129], ['1994-12-17', 1.784], ['1995-01-02', 1.893], ['1995-02-03', 0.244], ['1995-02-19', -0.047], ['1995-03-07', -0.385], ['1995-03-23', -0.733], ['1995-04-24', 0.322], ['1995-05-26', 0.751], ['1995-06-11', 1.167], ['1995-06-27', 0.873], ['1995-07-13', 0.936], ['1995-07-29', 0.675], ['1995-08-14', -0.234], ['1995-08-30', -0.248], ['1995-09-15', -0.559], ['1995-10-01', -0.878], ['1995-10-17', -0.321], ['1995-11-02', 0.493], ['1995-11-18', 0.5], ['1995-12-04', 1.566], ['1995-12-20', 2.198], ['1996-01-21', 1.861], ['1996-02-06', 1.194], ['1996-02-22', -0.025], ['1996-03-09', -0.087], ['1996-03-25', -0.533], ['1996-04-10', -0.859], ['1996-05-12', 0.1], ['1996-05-28', -0.027], ['1996-06-29', 1.06], ['1996-07-15', 0.936], ['1996-07-31', 1.217], ['1996-08-16', 0.795], ['1996-09-01', -0.097], ['1996-09-17', 0.046], ['1996-10-03', -0.563], ['1996-10-19', -0.851], ['1996-11-04', -0.271], ['1996-12-22', 1.62], ['1997-01-07', 2.01], ['1997-01-23', 1.795], ['1997-02-08', 2.091], ['1997-02-24', 1.173], ['1997-03-12', -0.001], ['1997-03-28', -0.004], ['1997-04-13', -0.713], ['1997-04-29', -0.998], ['1997-05-31', -0.322], ['1997-06-16', -0.117], ['1997-07-02', 0.733], ['1997-07-18', 0.916], ['1997-08-03', 1.055], ['1997-08-19', 1.513], ['1997-09-04', 0.935], ['1997-09-20', 0.124], ['1997-10-06', 0.223], ['1997-10-22', -0.615], ['1997-11-07', -0.758], ['1997-11-23', -0.216], ['1997-12-09', 0.048], ['1997-12-25', 0.585], ['1998-01-26', 1.862], ['1998-02-27', 2.093], ['1998-03-15', 1.027], ['1998-03-31', -0.039], ['1998-05-02', -0.914], ['1998-05-18', -1.031], ['1998-06-03', -0.553], ['1998-06-19', -0.609], ['1998-07-05', -0.06], ['1998-08-06', 0.889], ['1998-08-22', 1.217], ['1998-09-07', 1.673], ['1998-09-23', 1.002], ['1998-10-09', 0.295], ['1998-10-25', 0.229], ['1998-11-10', -0.697], ['1998-11-26', -0.646], ['1998-12-28', -0.043], ['1999-01-13', 0.772], ['1999-02-14', 1.781], ['1999-03-02', 1.822], ['1999-03-18', 1.907], ['1999-04-03', 0.78], ['1999-04-19', -0.135], ['1999-05-05', -0.276], ['1999-05-21', -1.093], ['1999-06-06', -1.008], ['1999-06-22', -0.535], ['1999-07-08', -0.726], ['1999-07-16', 0.021], ['1999-07-24', 0.098], ['1999-08-09', 0.865], ['1999-08-17', -0.553], ['1999-08-25', 0.986], ['1999-09-02', -0.954], ['1999-09-10', 1.425], ['1999-09-18', -0.565], ['1999-09-26', 1.729], ['1999-10-04', -0.334], ['1999-10-28', 0.384], ['1999-11-13', 0.107], ['1999-11-29', -0.773], ['1999-12-07', 1.669], ['1999-12-23', 2.352], ['2000-01-08', 1.596], ['2000-01-24', 0.69], ['2000-02-09', 0.609], ['2000-02-25', -0.344], ['2000-03-12', -0.712], ['2000-03-28', -0.357], ['2000-04-13', -0.144], ['2000-04-29', -0.093], ['2000-05-15', 0.705], ['2000-05-31', 0.708], ['2000-06-16', 0.792], ['2000-08-03', 0.053], ['2000-08-19', 0.21], ['2000-09-04', -0.566], ['2000-09-20', -0.768], ['2000-10-06', -0.467], ['2000-10-22', -0.348], ['2000-11-07', 0.044], ['2000-11-23', 1.23], ['2000-12-09', 1.478], ['2000-12-25', 1.772], ['2001-01-10', 2.388], ['2001-01-26', 1.484], ['2001-02-11', 0.602], ['2001-02-27', 0.489], ['2001-03-31', -0.698], ['2001-04-16', -0.366], ['2001-05-18', -0.091], ['2001-06-03', 0.597], ['2001-06-19', 0.548], ['2001-07-21', 1.22], ['2001-08-06', 0.732], ['2001-08-22', 0.203], ['2001-09-23', -0.584], ['2001-10-25', -0.378], ['2001-12-28', 1.533], ['2002-01-13', 1.884], ['2002-01-29', 2.349], ['2002-02-14', 1.354], ['2002-03-02', 0.536], ['2002-03-18', 0.287], ['2002-04-03', -0.709], ['2002-04-19', -0.712], ['2002-05-05', -0.415], ['2002-07-24', 0.897], ['2002-09-10', 0.47], ['2002-09-26', 0.356], ['2002-10-12', -0.627], ['2002-10-28', -0.521], ['2002-11-13', -0.299], ['2002-11-29', -0.406], ['2002-12-15', 0.537], ['2002-12-31', 1.516], ['2003-01-16', 1.6], ['2003-02-01', 2.017], ['2003-02-17', 2.215], ['2003-03-05', 1.16], ['2003-03-21', 0.457], ['2003-04-06', 0.033], ['2003-04-22', -0.902], ['2003-07-03', -0.183], ['2003-07-19', -0.781], ['2003-08-20', -0.592], ['2003-09-05', -0.441], ['2003-09-21', -0.21], ['2003-10-07', 0.901], ['2003-10-23', 1.212], ['2003-11-08', 1.621], ['2003-11-24', 2.31], ['2003-12-10', 1.5], ['2003-12-26', 0.71], ['2004-01-11', 0.634], ['2004-01-27', -0.315], ['2004-02-12', -0.516], ['2004-02-28', -0.147], ['2004-03-15', 0.11], ['2004-03-31', 0.335], ['2004-04-16', 1.095], ['2004-05-02', 0.928], ['2004-05-18', 0.86], ['2004-06-03', 1.09], ['2004-06-19', 0.498], ['2004-07-05', -0.135], ['2004-07-21', 0.003], ['2004-08-06', -0.719], ['2004-08-22', -0.73], ['2004-09-07', -0.482], ['2004-09-23', -0.522], ['2004-10-09', -0.051], ['2004-10-25', 1.029], ['2004-11-10', 1.206], ['2004-11-26', 1.722], ['2004-12-12', 2.337], ['2004-12-28', 1.474], ['2005-01-13', 0.842], ['2005-01-29', 0.675], ['2005-02-14', -0.383], ['2005-03-02', -0.407], ['2005-03-18', -0.164], ['2005-04-03', -0.203], ['2005-04-19', 0.181], ['2005-05-05', 0.732], ['2005-05-21', 0.504], ['2005-06-06', 0.709], ['2005-06-22', 0.998], ['2005-07-08', 0.538], ['2005-07-24', 0.141], ['2005-08-09', 0.219], ['2005-08-25', -0.621], ['2005-09-10', -0.472], ['2005-09-26', -0.438], ['2005-10-12', -0.609], ['2005-10-28', 0.133], ['2005-11-13', 1.119], ['2006-02-01', 0.968], ['2006-02-17', 0.568], ['2006-03-05', -0.515], ['2006-04-22', -0.57], ['2006-05-08', -0.017], ['2006-05-24', 0.356], ['2006-06-25', 0.742], ['2006-07-11', 1.025], ['2006-08-12', 0.554], ['2006-08-28', 0.391], ['2006-09-13', -0.556], ['2006-09-29', -0.362], ['2006-10-15', -0.457], ['2006-10-31', -0.674], ['2006-11-16', 0.301], ['2006-12-02', 1.113], ['2006-12-18', 1.324], ['2007-01-03', 2.046], ['2007-01-19', 2.254], ['2007-02-04', 1.433], ['2007-02-20', 1.021], ['2007-03-08', 0.35], ['2007-03-24', -0.684], ['2007-04-09', -0.496], ['2007-04-25', -0.477], ['2007-05-11', -0.882], ['2007-05-27', -0.151], ['2007-06-12', 0.113], ['2007-06-28', 0.336], ['2007-07-14', 0.945], ['2007-07-30', 1.138], ['2007-08-15', 0.894], ['2007-08-31', 0.891], ['2007-09-16', 0.396], ['2007-10-02', -0.579], ['2008-01-22', 2.259], ['2008-02-07', 2.085], ['2008-02-23', 1.228], ['2008-03-10', 0.841], ['2008-03-26', 0.034], ['2008-04-11', -0.868], ['2008-09-02', 1.036], ['2008-09-18', 1.011], ['2008-10-04', 0.223], ['2008-10-20', -0.638], ['2008-12-07', -0.367], ['2008-12-23', 0.838], ['2009-01-08', 1.313], ['2009-01-24', 1.648], ['2009-02-25', 1.799], ['2009-03-13', 0.95], ['2009-03-29', 0.62], ['2009-04-30', -1.002], ['2009-05-16', -0.775], ['2009-07-03', -0.017], ['2009-07-19', 0.106], ['2009-08-04', 0.731], ['2009-08-20', 1.608], ['2009-09-05', 1.422], ['2009-09-21', 1.203], ['2009-10-07', 1.105], ['2009-10-23', 0.085], ['2009-12-10', -0.398], ['2010-01-11', 0.977], ['2010-01-27', 1.243], ['2010-02-12', 1.642], ['2010-04-01', 0.73], ['2010-04-17', 0.446], ['2010-05-03', -0.504], ['2010-06-04', -0.855], ['2010-08-23', 0.968], ['2010-12-13', -0.385], ['2011-01-14', 0.026], ['2011-02-15', 1.18], ['2011-04-04', 1.155], ['2011-04-20', 0.548], ['2011-05-06', 0.278], ['2011-06-07', -0.926], ['2011-06-23', -0.869], ['2011-07-09', -1.079], ['2011-07-25', -0.578], ['2011-08-10', 0.259], ['2011-09-11', 1.242], ['2011-09-27', 2.062], ['2013-04-04', -0.665], ['2013-04-09', 1.255], ['2013-04-25', 1.379], ['2013-05-27', 0.604], ['2013-06-12', 0.182], ['2013-06-28', -0.851], ['2013-07-14', -0.545], ['2013-07-30', -0.844], ['2013-08-15', -1.071], ['2013-08-31', -0.276], ['2013-11-03', 2.002], ['2013-12-05', 1.59], ['2013-12-21', 0.823], ['2014-01-06', -0.34], ['2014-01-22', -0.093], ['2014-02-07', -0.39], ['2014-02-23', -0.579], ['2014-03-11', 0.255], ['2014-03-27', 0.59], ['2014-04-12', 0.694], ['2014-04-28', 1.249], ['2014-05-14', 1.165], ['2014-05-30', 0.743], ['2014-06-15', 0.654], ['2014-07-01', 0.113], ['2014-07-17', -0.835], ['2014-08-02', -0.479], ['2014-08-18', -0.825], ['2014-09-03', -0.963], ['2014-09-19', -0.061], ['2014-10-05', 0.303], ['2014-10-21', 0.87], ['2014-11-06', 1.922], ['2014-11-22', 1.941], ['2014-12-08', 1.611], ['2014-12-24', 1.594], ['2015-01-09', 0.664], ['2015-01-25', -0.369], ['2015-02-10', -0.16], ['2015-02-26', -0.457], ['2015-03-14', -0.592], ['2015-03-30', 0.267], ['2015-04-15', 0.342], ['2015-05-01', 0.638], ['2015-05-17', 1.241], ['2015-06-02', 1.009], ['2015-06-18', 0.725], ['2015-07-04', 0.724], ['2015-07-20', 0.059], ['2015-08-05', -0.72], ['2015-08-21', -0.453], ['2015-09-06', -0.823], ['2015-09-22', -0.824], ['2015-10-24', 0.313], ['2015-11-09', 1.066], ['2015-11-25', 2.118], ['2015-12-11', 1.874], ['2015-12-27', 1.629], ['2016-01-12', 1.555], ['2016-01-28', 0.486], ['2016-02-13', -0.346], ['2016-02-29', -0.273], ['2016-03-16', -0.582], ['2016-04-01', -0.593], ['2016-04-17', 0.238], ['2016-05-03', 0.109], ['2016-05-19', 0.596], ['2016-06-04', 1.227], ['2016-06-20', 0.916], ['2016-07-06', 0.763], ['2016-07-22', 0.782], ['2016-08-07', 0.01], ['2016-08-23', -0.527], ['2016-09-08', -0.453], ['2016-09-24', -0.837], ['2016-10-10', -0.666]]\n"
     ]
    }
   ],
   "source": [
    "#Run for entire archive of datasets to extract observed tide height on those UTC time\n",
    "from shapely.geometry import Point, mapping, shape\n",
    "from fiona import collection\n",
    "import fiona\n",
    "import rasterio.features\n",
    "import datacube\n",
    "import matplotlib.pyplot as plt\n",
    "from matplotlib.gridspec import GridSpec\n",
    "from datacube.utils import geometry\n",
    "from datacube.api.grid_workflow import GridWorkflow\n",
    "from datacube.api.query import query_group_by\n",
    "import numpy as np\n",
    "import itertools\n",
    "from datetime import date, datetime, timedelta\n",
    "import otps\n",
    "import sys\n",
    "from otps import TimePoint, predict_tide\n",
    "from dateutil.relativedelta import relativedelta\n",
    "\n",
    "# Id 28 segmented centroid lon and lat 151.69-23.18\n",
    "#Id 108 segmented centroid lon and lat 151.23-22.99\n",
    "# 178 segmented centroid lon and lat 150.99-22.84\n",
    "#Id 221 segmented centroid lon and lat 151.55-22.93\n",
    "#Id 239 segmented centroid lon and lat 151.63-23.73\n",
    "#LON=\"--lon_range '(151.68, 151.70)'\"  # Gladstone\n",
    "#LAT=\"--lat_range '(-23.17, -23.19)'\"\n",
    "lon_range = ''\n",
    "# COMMENT OUT lon_range IN CASE DEALING WITH POLYGON\n",
    "#lon_range = '(151.0, 151.50)'\n",
    "lat_range = '(-22, -23)'\n",
    "\n",
    "time_period=('1986-01-01', '2017-01-01')\n",
    "filepath =''\n",
    "# COMMENT OUT IN CASE DEALING WITH LON/LAT AND MAKE SURE PASS lon AND lat as TIDE POST from csv model file.\n",
    "filepath = '/g/data/u46/users/bxb547/otps/vector_data/ecog_320_aus_albers.shp'\n",
    "dc=datacube.Datacube(app='test')\n",
    "#gw=GridWorkflow(dc.index)\n",
    "\n",
    "tp=list()\n",
    "all_times = list()\n",
    "lon = 151.23\n",
    "lat = -22.99\n",
    "products = ['ls5_pq_albers', 'ls7_pq_albers', 'ls8_pq_albers']\n",
    "#products = ['ls5_pq_albers', 'ls8_pq_albers']\n",
    "\n",
    "try:\n",
    "    with fiona.open(filepath) as Input:\n",
    "        crs = geometry.CRS(str(Input.crs_wkt))\n",
    "        for feature in Input:\n",
    "            lon = feature['properties']['lon']\n",
    "            lat = feature['properties']['lat']\n",
    "            Id = feature['properties']['Id']\n",
    "            \n",
    "        # Darwin test\n",
    "        #130.55,-12.20\n",
    "        #130.28,-12.50\n",
    "        #130.85,-12.60\n",
    "            if Id == 108:\n",
    "                print lon ,lat, Id\n",
    "                first_geometry = feature['geometry']\n",
    "            #print first_geometry\n",
    "                geom = geometry.Geometry(first_geometry, crs=crs)\n",
    "                                \n",
    "                for source in products:\n",
    "                    time_range = ('1986-01-01', '2003-05-01') if source == 'ls7_pq_albers' else time_period\n",
    "                    print \"finding datasets for \" + source + \" in \" + str(time_range)\n",
    "                    ds = dc.find_datasets(product=source, time=time_range, geopolygon=geom, group_by='solar_day')\n",
    "                    group_by = query_group_by(group_by='solar_day')\n",
    "                    sources = dc.group_datasets(ds, group_by)\n",
    "                    if len(ds) > 0 :\n",
    "                        all_times = all_times + [dd for dd in sources.time.data.astype('M8[s]').astype('O').tolist()] \n",
    "                    all_times = sorted(all_times)            \n",
    "                break\n",
    "except IOError as e:\n",
    "    print (\"Polygon File not found \")\n",
    "                \n",
    "  \n",
    "if len(lon_range) > 0:\n",
    "    for source in products:\n",
    "        time_range = ('1986-01-01', '2003-05-01') if source == 'ls7_pq_albers' else time_period\n",
    "        print \"finding datasets for \" + source + \" in \" + str(time_range)\n",
    "        ds = dc.find_datasets(product=source, time=time_range, x = eval(lon_range), y= eval(lat_range))\n",
    "        group_by = query_group_by(group_by='solar_day')\n",
    "        sources = dc.group_datasets(ds, group_by)\n",
    "        if len(ds) > 0 :\n",
    "            all_times = all_times + [dd for dd in sources.time.data.astype('M8[s]').astype('O').tolist()] \n",
    "            all_times = sorted(all_times)\n",
    "    \n",
    "\n",
    "print \"tide post selected \" + str(lon) + str(lat)\n",
    "for dt in all_times:\n",
    "    tp.append(TimePoint(lon, lat, dt))\n",
    "tides = predict_tide(tp)\n",
    "tide_dic = dict()\n",
    "\n",
    "for tt in tides:\n",
    "    tide_dic[datetime.strptime(tt.timepoint.timestamp.isoformat()[0:19], \"%Y-%m-%dT%H:%M:%S\")] = tt.tide_m\n",
    "\n",
    "my_data = sorted(tide_dic.items(), key=lambda x: x[1])\n",
    "print sorted([[x[0].strftime('%Y-%m-%d'), x[1]] for x in my_data])\n",
    "\n",
    "            "
   ]
  },
  {
   "cell_type": "code",
   "execution_count": 224,
   "metadata": {
    "collapsed": false,
    "deletable": true,
    "editable": true
   },
   "outputs": [
    {
     "name": "stdout",
     "output_type": "stream",
     "text": [
      "percentage accepted for high tide percentage 25 and for low tide percentage 25\n",
      "LOW LISTING with length 33 [['2010-05-03', -0.504], ['2010-06-04', -0.855], ['2010-12-13', -0.385], ['2011-06-07', -0.926], ['2011-06-23', -0.869], ['2011-07-09', -1.079], ['2011-07-25', -0.578], ['2013-04-04', -0.665], ['2013-06-28', -0.851], ['2013-07-14', -0.545], ['2013-07-30', -0.844], ['2013-08-15', -1.071], ['2014-01-06', -0.34], ['2014-02-07', -0.39], ['2014-02-23', -0.579], ['2014-07-17', -0.835], ['2014-08-02', -0.479], ['2014-08-18', -0.825], ['2014-09-03', -0.963], ['2015-01-25', -0.369], ['2015-02-26', -0.457], ['2015-03-14', -0.592], ['2015-08-05', -0.72], ['2015-08-21', -0.453], ['2015-09-06', -0.823], ['2015-09-22', -0.824], ['2016-02-13', -0.346], ['2016-03-16', -0.582], ['2016-04-01', -0.593], ['2016-08-23', -0.527], ['2016-09-08', -0.453], ['2016-09-24', -0.837], ['2016-10-10', -0.666]]\n",
      "HIGH LISTING with length 13 [['2010-02-12', 1.642], ['2011-09-27', 2.062], ['2013-04-25', 1.379], ['2013-11-03', 2.002], ['2013-12-05', 1.59], ['2014-11-06', 1.922], ['2014-11-22', 1.941], ['2014-12-08', 1.611], ['2014-12-24', 1.594], ['2015-11-25', 2.118], ['2015-12-11', 1.874], ['2015-12-27', 1.629], ['2016-01-12', 1.555]]\n",
      "LOW hight sorted [[-1.079, '2011-07-09'], [-1.071, '2013-08-15'], [-0.963, '2014-09-03'], [-0.926, '2011-06-07'], [-0.869, '2011-06-23'], [-0.855, '2010-06-04'], [-0.851, '2013-06-28'], [-0.844, '2013-07-30'], [-0.837, '2016-09-24'], [-0.835, '2014-07-17'], [-0.825, '2014-08-18'], [-0.824, '2015-09-22'], [-0.823, '2015-09-06'], [-0.72, '2015-08-05'], [-0.666, '2016-10-10'], [-0.665, '2013-04-04'], [-0.593, '2016-04-01'], [-0.592, '2015-03-14'], [-0.582, '2016-03-16'], [-0.579, '2014-02-23'], [-0.578, '2011-07-25'], [-0.545, '2013-07-14'], [-0.527, '2016-08-23'], [-0.504, '2010-05-03'], [-0.479, '2014-08-02'], [-0.457, '2015-02-26'], [-0.453, '2015-08-21'], [-0.453, '2016-09-08'], [-0.39, '2014-02-07'], [-0.385, '2010-12-13'], [-0.369, '2015-01-25'], [-0.346, '2016-02-13'], [-0.34, '2014-01-06']]\n",
      "HIGH hight sorted [[1.379, '2013-04-25'], [1.555, '2016-01-12'], [1.59, '2013-12-05'], [1.594, '2014-12-24'], [1.611, '2014-12-08'], [1.629, '2015-12-27'], [1.642, '2010-02-12'], [1.874, '2015-12-11'], [1.922, '2014-11-06'], [1.941, '2014-11-22'], [2.002, '2013-11-03'], [2.062, '2011-09-27'], [2.118, '2015-11-25']]\n"
     ]
    }
   ],
   "source": [
    "#LOW HIGH analysis\n",
    "EPOCH=\"--epoch 40\" #default epoch 2\n",
    "DEB=\"--debug\"   # To get detail of date/time and tide heights\n",
    "# LS7FL=\"--ls7fl\"  To include LS7 datasets\n",
    "YEAR=\"--year_range 2010-2017\"\n",
    "date_ranges=(datetime(2010,1,1) , datetime(2017,1,1))\n",
    "LR=\"--date_all_1 \"  # This is set for other than 50 % AND for low tides\n",
    "HR=\" --date_all_2 \"  # This is used for 50 % and also used for high percentage of LOW/HIGH\n",
    "QT=\"'\"\n",
    "#CRS=\"--crs \" + CRS\n",
    "#print CRSVAR\n",
    "\n",
    "PERCC=\"25\"  #for high percentage\n",
    "LOW_PER=\"25\" #For low percentage\n",
    "ODIR=\"--odir /g/data/u46/users/bxb547/otps/testdata2/\"\n",
    "PER =\"--per \" + PERCC #Default percentage 10\n",
    "EBBFLOW=\"--ebb_flow\"\n",
    "if \"50\" in PERCC:\n",
    "    PERC = \"25\"\n",
    "else:\n",
    "    PERC = PERCC\n",
    "print (\"percentage accepted for high tide percentage \" + PERCC + \" and for low tide percentage \" + LOW_PER)\n",
    "# Decide the epoch for lowest and highest\n",
    "\n",
    "sub_data = [[x[0], x[1]] for x  in my_data if (x[0] >= date_ranges[0]) \\\n",
    "        & (x[0] <= date_ranges[1])]\n",
    "# print sub_data\n",
    "max_height=sub_data[-1][1]\n",
    "min_height=sub_data[0][1]\n",
    "dr = float(max_height)-float(min_height)\n",
    "\n",
    "lmr = float(min_height) + dr*float(LOW_PER)*0.01   # low tide max range\n",
    "hlr = float(max_height) - dr*float(PERC)*0.01   # high tide range\n",
    "\n",
    "if \"50\" in PERCC:\n",
    "    date_middle = sorted([[x[0].strftime('%Y-%m-%d'), x[1]] for x  in my_data if (x[1] >= lmr) & (x[1] <= hlr) ])\n",
    "    print (\" 50 PERCENTAGE sorted date tide list \" + str(len(date_middle)))\n",
    "    print date_middle\n",
    "    print \"\"\n",
    "    st_middle = ['\"{0}, {1}\"'.format(w[0], w[1]) for w in date_middle]\n",
    "    st_middle = '{0}'.format(', '.join(st_middle))\n",
    "    # print st_middle\n",
    "    #%run inter_tidal_wf.py $LON $LAT $YEAR $HR $QT$st_middle$QT $PER $EPOCH $DEB\n",
    "    #%run inter_tidal_wf.py $POLY $TIDE_POST $YEAR $HR $QT$st_middle$QT $PER $EPOCH $DEB\n",
    "    #%run inter_tidal_poly.py $POLY $TIDE_POST $YEAR $HR $QT$st_middle$QT $PER $EPOCH $DEB $ODIR\n",
    "else:\n",
    "    #date_low = sorted([[x[0][0].strftime('%Y-%m-%d'), x[0][1]] for x in my_data if x[0][1] <= lmr])\n",
    "    #date_high = sorted([[x[0][0].strftime('%Y-%m-%d'), x[0][1]] for x in my_data if x[0][1] >= hlr])\n",
    "    date_low = sorted([[x[0].strftime('%Y-%m-%d'), x[1]] for x in sub_data if (x[1] <= lmr)])\n",
    "    date_high = sorted([[x[0].strftime('%Y-%m-%d'), x[1]] for x in sub_data if (x[1] >= hlr)])\n",
    "    #print (\"LOW TIDE sorted date list \" + str(len(date_low)) + \"\\n \" + str(date_low))\n",
    "    #print (\"LOW TIDE in sorted height \" + str([[x[0].strftime('%Y-%m-%d'), x[1]] for x  in my_data if x[1] <= lmr]))\n",
    "    #print (\"HIGH TIDE sorted date list \" + str(len(date_high)) + \"\\n \" + str(date_high))\n",
    "    #print (\"HIGH TIDE in sorted height \" + str([[x[0].strftime('%Y-%m-%d'), x[1]] for x  in my_data if x[1] >= hlr]))\n",
    "    st_low = ['\"{0}, {1}\"'.format(w[0], w[1]) for w in date_low]\n",
    "    st_low = '{0}'.format(', '.join(st_low))\n",
    "    st_high = ['\"{0}, {1}\"'.format(w[0], w[1]) for w in date_high]\n",
    "    st_high = '{0}'.format(', '.join(st_high))\n",
    "    \n",
    "    #%run inter_tidal_wf.py $LON $LAT $YEAR $LR $QT$st_low$QT $HR $QT$st_high$QT $PER $EPOCH $DEB\n",
    "    #%run inter_tidal_wf.py $POLY $TIDE_POST $YEAR $LR $QT$st_low$QT $HR $QT$st_high$QT $PER $EPOCH $DEB\n",
    "    #%run inter_tidal_poly.py $POLY $EBBFLOW $CRSVAR $TIDE_POST $YEAR $LR $QT$st_low$QT $HR $QT$st_high$QT $PER $EPOCH $DEB $ODIR\n",
    "    date_low = sorted([[x[0], x[1]] for x in my_data if (x[1] <= lmr) &\n",
    "                                (x[0] >= date_ranges[0]) & (x[0] <= date_ranges[1])])\n",
    "    date_high = sorted([[x[0], x[1]] for x in my_data if (x[1] >= hlr) &\n",
    "                                (x[0] >= date_ranges[0]) & (x[0] <= date_ranges[1])])\n",
    "    print \"LOW LISTING with length \" +  str(len(date_low)) + \" \" + str([[x[0].strftime('%Y-%m-%d'), x[1]] for x  in date_low])\n",
    "    print \"HIGH LISTING with length \" + str(len(date_high)) + \" \" + str([[x[0].strftime('%Y-%m-%d'), x[1]] for x  in date_high])\n",
    "    \n",
    "    print \"LOW hight sorted \" + str(sorted([[x[1], x[0].strftime('%Y-%m-%d')] for x  in date_low]))\n",
    "    print \"HIGH hight sorted \" + str(sorted([[x[1], x[0].strftime('%Y-%m-%d')] for x  in date_high]))\n",
    "    \n",
    "    "
   ]
  },
  {
   "cell_type": "code",
   "execution_count": 225,
   "metadata": {
    "collapsed": false,
    "deletable": true,
    "editable": true
   },
   "outputs": [
    {
     "name": "stdout",
     "output_type": "stream",
     "text": [
      "low ebb flow [['2010-05-03', 'f'], ['2010-06-04', 'e'], ['2010-12-13', 'e'], ['2011-06-07', 'f'], ['2011-06-23', 'e'], ['2011-07-09', 'e'], ['2011-07-25', 'e'], ['2013-04-04', 'e'], ['2013-06-28', 'f'], ['2013-07-14', 'f'], ['2013-07-30', 'e'], ['2013-08-15', 'e'], ['2014-01-06', 'f'], ['2014-02-07', 'e'], ['2014-02-23', 'e'], ['2014-07-17', 'f'], ['2014-08-02', 'f'], ['2014-08-18', 'e'], ['2014-09-03', 'e'], ['2015-01-25', 'f'], ['2015-02-26', 'e'], ['2015-03-14', 'e'], ['2015-08-05', 'f'], ['2015-08-21', 'f'], ['2015-09-06', 'e'], ['2015-09-22', 'e'], ['2016-02-13', 'f'], ['2016-03-16', 'e'], ['2016-04-01', 'e'], ['2016-08-23', 'f'], ['2016-09-08', 'f'], ['2016-09-24', 'e'], ['2016-10-10', 'e']]\n",
      "high ebb flow [['2010-02-12', 'e'], ['2011-09-27', 'e'], ['2013-04-25', 'e'], ['2013-11-03', 'e'], ['2013-12-05', 'f'], ['2014-11-06', 'e'], ['2014-11-22', 'e'], ['2014-12-08', 'f'], ['2014-12-24', 'f'], ['2015-11-25', 'e'], ['2015-12-11', 'e'], ['2015-12-27', 'f'], ['2016-01-12', 'f']]\n"
     ]
    }
   ],
   "source": [
    "#Implementing EBB/FLOW/PEAK HIGH AND PEAK LOW \n",
    "from datetime import timedelta\n",
    "from operator import itemgetter\n",
    "\n",
    "tp = list()\n",
    "tide_dict = dict()\n",
    "dates=list()\n",
    "#lon = 151.69\n",
    "#lat = -23.18\n",
    "\n",
    "\n",
    "for x in date_low:\n",
    "    dates.append(x[0])\n",
    "for x in date_high:\n",
    "    dates.append(x[0])\n",
    "#print time_low\n",
    "#print dates\n",
    "ndate_list=list()\n",
    "mnt=timedelta(minutes=15)\n",
    "for dt in dates:\n",
    "    #dt = datetime.strptime(dt, \"%Y-%m-%d %H:%M:%S\")\n",
    "    ndate_list.append(dt-mnt)\n",
    "    ndate_list.append(dt)\n",
    "    ndate_list.append(dt+mnt)\n",
    "for dt in ndate_list:\n",
    "    tp.append(TimePoint(lon, lat, dt))\n",
    "tides = predict_tide(tp)\n",
    "\n",
    "for tt in tides:\n",
    "    tide_dict[datetime.strptime(tt.timepoint.timestamp.isoformat()[0:19], \"%Y-%m-%dT%H:%M:%S\")] = tt.tide_m\n",
    "\n",
    "tmp_lt = sorted(tide_dict.items(), key=lambda x: x[0])\n",
    "\n",
    "tmp_lt = [[tmp_lt[i+1][0].strftime(\"%Y-%m-%d\"), 'ph'] \\\n",
    "         if tmp_lt[i][1] < tmp_lt[i+1][1] and tmp_lt[i+2][1] <  tmp_lt[i+1][1]  else \\\n",
    "        [tmp_lt[i+1][0].strftime(\"%Y-%m-%d\"), 'pl'] if tmp_lt[i][1] > tmp_lt[i+1][1] and \\\n",
    "        tmp_lt[i+2][1] >  tmp_lt[i+1][1]  else [tmp_lt[i+1][0].strftime(\"%Y-%m-%d\"),'f'] \\\n",
    "        if tmp_lt[i][1] < tmp_lt[i+2][1] else [tmp_lt[i+1][0].strftime(\"%Y-%m-%d\"),'e'] \\\n",
    "         for i in range(0, len(tmp_lt), 3)]\n",
    "\n",
    "ebb_flow = str([tt for tt in tmp_lt ])                  \n",
    "#print tmp_lt\n",
    "#print \"for entire low high ebb flow\" + ebb_flow\n",
    "key = set(e[0].strftime(\"%Y-%m-%d\") for e in date_low)\n",
    "\n",
    "ebb_flow_low = [ff for ff in eval(ebb_flow) if ff[0] in key]\n",
    "key = set(e[0].strftime(\"%Y-%m-%d\") for e in date_high)\n",
    "#print sorted(key)\n",
    "#print date_low\n",
    "#print date_high\n",
    "ebb_flow_high = [ff for ff in eval(ebb_flow) if ff[0] in key]\n",
    "print \"low ebb flow \" + str(ebb_flow_low)\n",
    "print \"high ebb flow \" + str(ebb_flow_high)\n"
   ]
  },
  {
   "cell_type": "code",
   "execution_count": 207,
   "metadata": {
    "collapsed": false,
    "deletable": true,
    "editable": true
   },
   "outputs": [
    {
     "name": "stdout",
     "output_type": "stream",
     "text": [
      "starting 2017-04-18 14:24:57.845154\n",
      "added to the list 2017-04-18 14:25:00.666421\n",
      "received from predict tides 2017-04-18 14:25:12.411754\n",
      "finished 2017-04-18 14:25:12.599889\n"
     ]
    }
   ],
   "source": [
    "#This is for model run\n",
    "import numpy as np\n",
    "import itertools\n",
    "from datetime import date, datetime, timedelta\n",
    "import otps\n",
    "import sys\n",
    "from otps import TimePoint, predict_tide\n",
    "from dateutil.relativedelta import relativedelta\n",
    "\n",
    "#lon = 151.23\n",
    "#lat = -22.99\n",
    "\n",
    "def date_range(start_date, end_date, increment, period):\n",
    "    result = []\n",
    "    nxt = start_date\n",
    "    delta = relativedelta(**{period:increment})\n",
    "    while nxt <= end_date:\n",
    "        result.append(nxt)\n",
    "        nxt += delta\n",
    "    return result\n",
    "\n",
    "start = datetime(2010,1,1,0,22,16)\n",
    "end = datetime(2017,1,1)\n",
    "\n",
    "tp = list()\n",
    "\n",
    "tide_det = list()\n",
    "print \"starting\", str(datetime.now())\n",
    "for string_date in date_range(start, end, 1, 'hours'):\n",
    "    dt = datetime.strptime(str(string_date), \"%Y-%m-%d %H:%M:%S\")\n",
    "    tp.append(TimePoint(lon, lat, dt))\n",
    "\n",
    "print \"added to the list\", str(datetime.now())\n",
    "tides = predict_tide(tp)\n",
    "print \"received from predict tides\", str(datetime.now())\n",
    "for tt in tides:\n",
    "    tide_det.append([tt.timepoint.timestamp.isoformat()[0:10], tt.tide_m])\n",
    "print \"finished\", str(datetime.now())\n"
   ]
  },
  {
   "cell_type": "code",
   "execution_count": 208,
   "metadata": {
    "collapsed": false
   },
   "outputs": [
    {
     "name": "stdout",
     "output_type": "stream",
     "text": [
      "[-2.138, '2015-03-20']\n"
     ]
    }
   ],
   "source": [
    "print str(sorted([[x[1], x[0]] for x  in tide_det])[0])"
   ]
  },
  {
   "cell_type": "code",
   "execution_count": 226,
   "metadata": {
    "collapsed": false,
    "deletable": true,
    "editable": true,
    "scrolled": true
   },
   "outputs": [
    {
     "name": "stdout",
     "output_type": "stream",
     "text": [
      "DATE LOW[['2010-05-03', -0.504], ['2010-06-04', -0.855], ['2010-12-13', -0.385], ['2011-06-07', -0.926], ['2011-06-23', -0.869], ['2011-07-09', -1.079], ['2011-07-25', -0.578], ['2013-04-04', -0.665], ['2013-06-28', -0.851], ['2013-07-14', -0.545], ['2013-07-30', -0.844], ['2013-08-15', -1.071], ['2014-01-06', -0.34], ['2014-02-07', -0.39], ['2014-02-23', -0.579], ['2014-07-17', -0.835], ['2014-08-02', -0.479], ['2014-08-18', -0.825], ['2014-09-03', -0.963], ['2015-01-25', -0.369], ['2015-02-26', -0.457], ['2015-03-14', -0.592], ['2015-08-05', -0.72], ['2015-08-21', -0.453], ['2015-09-06', -0.823], ['2015-09-22', -0.824], ['2016-02-13', -0.346], ['2016-03-16', -0.582], ['2016-04-01', -0.593], ['2016-08-23', -0.527], ['2016-09-08', -0.453], ['2016-09-24', -0.837], ['2016-10-10', -0.666]]\n",
      "\n",
      "DATE HIGH[['2010-02-12', 1.642], ['2011-09-27', 2.062], ['2013-04-25', 1.379], ['2013-11-03', 2.002], ['2013-12-05', 1.59], ['2014-11-06', 1.922], ['2014-11-22', 1.941], ['2014-12-08', 1.611], ['2014-12-24', 1.594], ['2015-11-25', 2.118], ['2015-12-11', 1.874], ['2015-12-27', 1.629], ['2016-01-12', 1.555]]\n",
      "['e', 'e', 'e', 'e', 'f', 'e', 'e', 'f', 'f', 'e', 'e', 'f', 'f']\n",
      "EBB FLOW LOW count 33 and [['2010-05-03', 'f'], ['2010-06-04', 'e'], ['2010-12-13', 'e'], ['2011-06-07', 'f'], ['2011-06-23', 'e'], ['2011-07-09', 'e'], ['2011-07-25', 'e'], ['2013-04-04', 'e'], ['2013-06-28', 'f'], ['2013-07-14', 'f'], ['2013-07-30', 'e'], ['2013-08-15', 'e'], ['2014-01-06', 'f'], ['2014-02-07', 'e'], ['2014-02-23', 'e'], ['2014-07-17', 'f'], ['2014-08-02', 'f'], ['2014-08-18', 'e'], ['2014-09-03', 'e'], ['2015-01-25', 'f'], ['2015-02-26', 'e'], ['2015-03-14', 'e'], ['2015-08-05', 'f'], ['2015-08-21', 'f'], ['2015-09-06', 'e'], ['2015-09-22', 'e'], ['2016-02-13', 'f'], ['2016-03-16', 'e'], ['2016-04-01', 'e'], ['2016-08-23', 'f'], ['2016-09-08', 'f'], ['2016-09-24', 'e'], ['2016-10-10', 'e']]\n",
      "EBB FLOW HIGH count 13 and [['2010-02-12', 'e'], ['2011-09-27', 'e'], ['2013-04-25', 'e'], ['2013-11-03', 'e'], ['2013-12-05', 'f'], ['2014-11-06', 'e'], ['2014-11-22', 'e'], ['2014-12-08', 'f'], ['2014-12-24', 'f'], ['2015-11-25', 'e'], ['2015-12-11', 'e'], ['2015-12-27', 'f'], ['2016-01-12', 'f']]\n"
     ]
    },
    {
     "data": {
      "text/plain": [
       "<matplotlib.legend.Legend at 0x7ff5009ead10>"
      ]
     },
     "execution_count": 226,
     "metadata": {},
     "output_type": "execute_result"
    },
    {
     "data": {
